   1.00000000
   0.99512695
   0.99651952
   0.99512695
   0.99442971
   0.99164647
   0.99164647
   0.98955666
   0.98816600
   0.98607619
   0.98538085
   0.98468361
   0.98538085
   0.98746876
   0.98607619
   0.98607619
   0.98538085
   0.98538085
   0.98329104
   0.98190037
   0.98050780
   0.97981056
   0.97843323
   0.97843323
   0.97843323
   0.97707114
   0.97366496
   0.97230287
   0.97230287
   0.96821469
   0.96685260
   0.96480851
   0.96480851
   0.96276442
   0.96208242
   0.95867624
   0.95867624
   0.95799424
   0.95595015
   0.95595015
   0.95322597
   0.95254397
   0.95254397
   0.95049988
   0.95049988
   0.94777569
   0.94777569
   0.94641170
   0.94573161
   0.94371800
   0.94305124
   0.94171772
   0.94105096
   0.93971745
   0.93905259
   0.93838584
   0.93771908
   0.93638556
   0.93572071
   0.93505395
   0.93305368
   0.93172206
   0.93038855
   0.92772342
   0.92705666
   0.92772342
   0.92505639
   0.92505639
   0.92638990
   0.92705666
   0.92638990
   0.92572315
   0.92372478
   0.92305802
   0.92239126
   0.92172450
   0.92105965
   0.91905938
   0.91839262
   0.91772586
   0.91706101
   0.91639425
   0.91439397
   0.91439397
   0.91372722
   0.91439397
   0.92172450
   0.92172450
   0.92172450
   0.92105965
   0.92105965
   0.92105965
   0.92105965
   0.92105775
   0.92105965
   0.92105965
   0.92105965
   0.92105965
   0.92105965
   0.91972613
   0.91839262
   0.91839262
   0.91839262
   0.91972613
   0.91972613
   0.91905938
   0.91972613
   0.91905938
   0.91905938
   0.91972613
   0.91972613
   0.91972613
   0.91905938
   0.91839262
   0.91772586
   0.91706101
   0.91706101
   0.91706101
   0.91572749
   0.91439397
   0.91372722
   0.91439397
   0.91306236
   0.91172885
   0.91172885
   0.91172885
   0.90977429
   0.90912277
   0.90847126
   0.90717013
   0.90521557
   0.90521557
   0.90521557
   0.90260950
   0.90195798
   0.90130646
   0.90065495
   0.89805078
   0.89609623
   0.89544471
   0.89479319
   0.89283864
   0.89218712
   0.89283864
   0.89283864
   0.88958295
   0.88893143
   0.88827992
   0.88762840
   0.88762840
   0.85138343
   0.85008039
   0.88371929
   0.88046361
   0.87916057
   0.87852429
   0.87788802
   0.87470663
   0.87407035
   0.87343407
   0.87279779
   0.87152524
   0.87088896
   0.87025268
   0.86898013
   0.85562020
   0.85498392
   0.85434764
   0.85371137
   0.85307509
   0.85052998
   0.84989370
   0.84798487
   0.84734859
   0.84486444
   0.84238029
   0.84113821
   0.84238029
   0.84175925
   0.83865406
   0.83803303
   0.83741199
   0.83679095
   0.83616991
   0.83554888
   0.83430680
   0.83368576
   0.83244369
   0.83120161
   0.83058057
   0.82933850
   0.82685435
   0.82623331
   0.82499124
   0.82437020
   0.82374916
   0.82312812
   0.82188605
   0.82064397
   0.81940190
   0.81815982
   0.81691775
   0.81629671
   0.81569091
   0.81508512
   0.81387352
   0.81266193
   0.81145033
   0.81023874
   0.80963294
   0.80902714
   0.80842135
   0.80781555
   0.80660395
   0.80539236
   0.80478656
   0.80418076
   0.80357497
   0.80296917
   0.80115178
   0.80054598
   0.79994018
   0.79872668
   0.79812089
   0.79690929
   0.79569770
   0.79448610
   0.79388030
   0.79266871
   0.79206291
   0.79085132
   0.79024552
   0.78903392
   0.78842813
   0.78782233
   0.78661074
   0.78600494
   0.78482382
   0.78364271
   0.78305215
   0.78187104
   0.78128048
   0.77891825
   0.77773714
   0.77714658
   0.77655602
   0.77596547
   0.77478435
   0.77419379
   0.77301268
   0.77183157
   0.77124101
   0.77065045
   0.76946934
   0.76887878
   0.76769767
   0.76710711
   0.76592599
   0.76533544
   0.76415432
   0.76297321
   0.76238265
   0.76120154
   0.75942986
   0.75824875
   0.75765819
   0.75647708
   0.75590176
   0.75475113
   0.75417581
   0.75360049
   0.75244986
   0.75129923
   0.75072391
   0.74957327
   0.74842264
   0.74784732
   0.74727201
   0.74612137
   0.74554606
   0.74439542
   0.74324479
   0.74266947
   0.74151884
   0.74094352
   0.73979289
   0.73921757
   0.73864225
   0.73749162
   0.73634098
   0.73576567
   0.73461503
   0.73346440
   0.73288908
   0.73231376
   0.73173845
   0.73058781
   0.72943718
   0.72886186
   0.72771123
   0.72659108
   0.72547092
   0.72491084
   0.72435077
   0.72379069
   0.72323061
   0.72211046
   0.72155038
   0.72043023
   0.71931008
   0.71818992
   0.71762985
   0.71538954
   0.71426939
   0.71314923
   0.71258916
   0.71202908
   0.71034885
   0.70978877
   0.70866862
   0.70810854
   0.70698839
   0.70306785
   0.70250777
   0.70138762
   0.70026747
   0.69916255
   0.69861772
   0.69807288
   0.69752804
   0.69698321
   0.69534870
   0.69480386
   0.69371419
   0.69262451
   0.69207968
   0.69153484
   0.69099000
   0.69044517
   0.68935549
   0.68881066
   0.68772098
   0.68663131
   0.68554164
   0.68445196
   0.68390713
   0.68336229
   0.68227262
   0.68172778
   0.68063811
   0.68009327
   0.67791392
   0.67736909
   0.67627941
   0.67573458
   0.67464490
   0.67736909
   0.67627941
   0.67573458
   0.67464490
   0.67682425
   0.67627941
   0.67573458
   0.67301039
   0.67246556
   0.67193596
   0.67087677
   0.67087677
   0.67034717
   0.66981757
   0.66928798
   0.66716959
   0.66664000
   0.66611040
   0.66558080
   0.66451971
   0.66293092
   0.66187172
   0.66134213
   0.66028293
   0.65975334
   0.65869414
   0.65816455
   0.65975334
   0.65975334
   0.65869414
   0.65763495
   0.65710536
   0.65604616
   0.65551657
   0.65551657
   0.65604616
   0.65710536
   0.65710536
   0.65710536
   0.65763495
   0.65816455
   0.65869414
   0.65922374
   0.65922374
   0.65869414
   0.65869414
   0.65975334
   0.66081253
   0.66081253
   0.66081253
   0.66028293
   0.65975334
   0.65975334
   0.66028293
   0.65975334
   0.65922374
   0.65869414
   0.66081253
   0.66081253
   0.66134213
   0.66081253
   0.66187172
   0.66346051
   0.66346051
   0.66293092
   0.66240132
   0.66240132
   0.66240132
   0.66187172
   0.66293092
   0.66293092
   0.66293092
   0.66240132
   0.66187172
   0.66134213
   0.66081253
   0.66081253
   0.66240132
   0.66558080
   0.66611040
   0.66611040
   0.66558080
   0.66664000
   0.66664000
   0.66664000
   0.66664000
   0.66664000
   0.66611040
   0.66558080
   0.66504930
   0.66451971
   0.66399011
   0.66399011
   0.66346051
   0.66293092
   0.66187172
   0.66134213
   0.66081253
   0.66028293
   0.65975334
   0.65922374
   0.65869414
   0.65816455
   0.65710536
   0.65657576
   0.65604616
   0.65604616
   0.65498697
   0.65445737
   0.65392778
   0.65286668
   0.65233899
   0.65498697
   0.65551657
   0.65498697
   0.65392778
   0.65339818
   0.65286858
   0.65233899
   0.65180749
   0.65233899
   0.65339818
   0.65339818
   0.65286668
   0.65233899
   0.65180749
   0.65180749
   0.65127789
   0.65180749
   0.65180749
   0.65127789
   0.65074829
   0.65074829
   0.65021870
   0.64968910
   0.64915950
   0.64810031
   0.64757071
   0.64704112
   0.64651152
   0.64598193
   0.64495321
   0.64443886
   0.64392260
   0.64968910
   0.64968910
   0.64915950
   0.64862991
   0.64810031
   0.64757071
   0.64704112
   0.64651152
   0.64598193
   0.64546757
   0.64443886
   0.64340824
   0.64289388
   0.64237953
   0.64186517
   0.64135081
   0.64083646
   0.63929339
   0.63877713
   0.63826277
   0.63723406
   0.63671970
   0.63620535
   0.63466037
   0.63414602
   0.63363166
   0.63208859
   0.63157423
   0.63054362
   0.63002926
   0.62900055
   0.62848619
   0.62745748
   0.62694312
   0.62591251
   0.62488379
   0.62436944
   0.62334072
   0.62231011
   0.62128139
   0.62076704
   0.62025268
   0.61975357
   0.61875343
   0.61775520
   0.61725608
   0.61675506
   0.61625594
   0.61575683
   0.61525771
   0.61325934
   0.61275832
   0.61176009
   0.61075995
   0.60976172
   0.60926260
   0.60826247
   0.60776335
   0.60726423
   0.60576498
   0.60476675
   0.60376661
   0.60326750
   0.60226736
   0.60126913
   0.60026899
   0.59927076
   0.59877164
   0.59727239
   0.59677327
   0.59577313
   0.59430436
   0.59333470
   0.59236695
   0.59139730
   0.59042764
   0.58994186
   0.58897411
   0.58800445
   0.58703479
   0.58606514
   0.58509548
   0.58412582
   0.58364195
   0.58267229
   0.58218841
   0.58121876
   0.57976522
   0.57976522
   0.57879557
   0.57782591
   0.57637238
   0.57540272
   0.57443307
   0.57346341
   0.57249375
   0.57152409
   0.57056968
   0.56963050
   0.57010104
   0.56869133
   0.56634243
   0.56587189
   0.56493271
   0.56352300
   0.56258192
   0.56164274
   0.56117410
   0.55976439
   0.55929385
   0.55835467
   0.56070356
   0.55976439
   0.55882331
   0.55788413
   0.55694495
   0.55647441
   0.55553524
   0.55459606
   0.55365498
   0.55318634
   0.55224526
   0.55130608
   0.55036691
   0.54989637
   0.54895719
   0.54801801
   0.54709217
   0.54618157
   0.54572627
   0.54436037
   0.54390507
   0.54299637
   0.54254107
   0.54117517
   0.54026457
   0.53980927
   0.53889867
   0.53844337
   0.53798807
   0.53662217
   0.53616686
   0.53480287
   0.53389227
   0.53343697
   0.53298167
   0.53207106
   0.53116046
   0.53024986
   0.52888396
   0.52797527
   0.52660936
   0.52524346
   0.52478816
   0.52346608
   0.52258405
   0.52214399
   0.51377141
   0.51200927
   0.51156921
   0.51068718
   0.50980706
   0.50936700
   0.50848497
   0.50760295
   0.50716289
   0.50716289
   0.50628086
   0.50540074
   0.50451871
   0.50363859
   0.50319663
   0.50232984
   0.50147830
   0.50062485
   0.50019812
   0.49934658
   0.49849313
   0.49806640
   0.49721486
   0.49593468
   0.49550986
   0.49465641
   0.49422968
   0.49337814
   0.49295141
   0.49209796
   0.49167314
   0.49039297
   0.48996815
   0.48911470
   0.49124642
   0.49039297
   0.48996815
   0.48911470
   0.48826125
   0.48740970
   0.48783643
   0.48740970
   0.48698298
   0.48570471
   0.48527798
   0.48485126
   0.48442453
   0.48399971
   0.48485126
   0.48442453
   0.48442453
   0.48399971
   0.48399971
   0.48357299
   0.48357299
   0.48357299
   0.48271953
   0.48229281
   0.48186799
   0.48144126
   0.48061639
   0.48020490
   0.47979342
   0.47938003
   0.47896854
   0.47896854
   0.47814367
   0.47814367
   0.47979342
   0.48061639
   0.48061639
   0.48102978
   0.48271953
   0.48357299
   0.48655625
   0.48698298
   0.48783643
   0.48911470
   0.48954142
   0.48954142
   0.49039297
   0.49167314
   0.49209796
   0.49252469
   0.49295141
   0.49295141
   0.49252469
   0.49252469
   0.49209987
   0.49209796
   0.49209796
   0.49209796
   0.49252469
   0.49422968
   0.49465641
   0.49508314
   0.49636141
   0.49721486
   0.49849313
   0.49934658
   0.50019812
   0.50019812
   0.50062485
   0.50105157
   0.50275657
   0.50451871
   0.50540074
   0.50584080
   0.50672283
   0.50716289
   0.50672283
   0.50672283
   0.50672283
   0.50716289
   0.50672283
   0.50672283
   0.50716289
   0.50716289
   0.50848497
   0.50848497
   0.50936700
   0.50980706
   0.50936700
   0.50980706
   0.51024712
   0.51024712
   0.51024712
   0.50980706
   0.50980706
   0.50936700
   0.50936700
   0.50892503
   0.50892503
   0.50760295
   0.50804491
   0.50716289
   0.50716289
   0.50672283
   0.50672283
   0.50584080
   0.50584080
   0.50496068
   0.50496068
   0.50584080
   0.50363859
   0.50275657
   0.50232984
   0.50147830
   0.50190312
   0.50190502
   0.50105157
   0.50019812
   0.50019812
   0.49891985
   0.49849313
   0.49764158
   0.49678813
   0.49678813
   0.49550986
   0.49465641
   0.49422968
   0.49337814
   0.49295141
   0.49209987
   0.49167314
   0.49081969
   0.49039297
   0.48996815
   0.48954142
   0.48868797
   0.48868797
   0.48740970
   0.48655625
   0.48570471
   0.48485126
   0.48399971
   0.48357299
   0.48357299
   0.48271953
   0.48229471
   0.48186799
   0.48102978
   0.48020490
   0.47938003
   0.47896854
   0.47814367
   0.47732070
   0.47649582
   0.47649582
   0.47484798
   0.47484798
   0.47443649
   0.47320013
   0.47278674
   0.47237526
   0.47113890
   0.47072741
   0.46949105
   0.46949105
   0.46825469
   0.46742982
   0.46660494
   0.46578197
   0.00000000
   0.46454561
   0.00000000
   0.00000000
   0.00000000
   0.00000000
   0.00000000
   0.46043838
   0.45964208
   0.45884578
   0.00000000
   0.00000000
   0.45645689
   0.45566249
   0.45486619
   0.45406989
   0.45327359
   0.45247729
   0.45168099
   0.45088469
   0.45008839
   0.44969024
   0.44849579
   0.44769949
   0.44690319
   0.44610689
   0.44531250
   0.44451620
   0.44371990
   0.44252545
   0.44172915
   0.44093285
   0.44016513
   0.43939550
   0.43862777
   0.43785814
   0.43709042
   0.43632079
   0.43555307
   0.43440053
   0.43363090
   0.43286317
   0.43209354
   0.43132582
   0.42978847
   0.42902074
   0.42825111
   0.42748339
   0.42633085
   0.42556122
   0.42594603
   0.42364096
   0.42287133
   0.42171879
   0.42097773
   0.42023668
   0.41949563
   0.41838309
   0.41764204
   0.41652950
   0.41615993
   0.41504740
   0.41430634
   0.41356529
   0.41319381
   0.41171170
   0.41022959
   0.40911706
   0.40837601
   0.40726347
   0.40652242
   0.40540988
   0.40466883
   0.40392778
   0.40282858
   0.40211419
   0.40139981
   0.40068543
   0.39961480
   0.39889852
   0.39782789
   0.39711351
   0.39604098
   0.39532660
   0.39461221
   0.39389783
   0.39282530
   0.39175468
   0.39068215
   0.38960962
   0.38853900
   0.38853900
   0.38675209
   0.38568146
   0.38532332
   0.38429080
   0.38325828
   0.38257056
   0.38188285
   0.38085033
   0.37981780
   0.37912819
   0.37844047
   0.37740795
   0.37637543
   0.37568771
   0.37465519
   0.37362267
   0.37259015
   0.37155762
   0.37052510
   0.36983739
   0.36880486
   0.36778568
   0.36679316
   0.36613021
   0.36513579
   0.36447475
   0.36348032
   0.36281738
   0.36182486
   0.36116191
   0.36016939
   0.35917497
   0.35818246
   0.35751951
   0.35652699
   0.35586404
   0.35486962
   0.35420858
   0.35354563
   0.35288268
   0.35189016
   0.35092241
   0.35028423
   0.34932981
   0.34837349
   0.34773721
   0.34709903
   0.34614461
   0.34550643
   0.34455201
   0.34391383
   0.34295942
   0.34200309
   0.34136682
   0.34072863
   0.33977422
   0.33881790
   0.33818162
   0.33722530
   0.33658902
   0.33595084
   0.33502118
   0.33440777
   0.33348955
   0.33287803
   0.33195981
   0.33134639
   0.33073488
   0.33012337
   0.32920515
   0.32889844
   0.32798022
   0.32767351
   0.32706200
   0.32645048
   0.32583707
   0.32522555
   0.32461404
   0.32400062
   0.32338911
   0.32277569
   0.32216418
   0.32155267
   0.32093925
   0.32032774
   0.31973909
   0.31915234
   0.31856369
   0.31797504
   0.31738829
   0.31738829
   0.31621289
   0.31533086
   0.31444884
   0.31356681
   0.31268479
   0.31209614
   0.31121411
   0.31033208
   0.30945006
   0.30856803
   0.30798129
   0.30739263
   0.30651061
   0.30592196
   0.30592196
   0.30534664
   0.30506469
   0.30450081
   0.30365307
   0.30337113
   0.30252530
   0.30224336
   0.30139752
   0.30055169
   0.29970396
   0.29914007
   0.29857619
   0.29801230
   0.29744841
   0.29744841
   0.29660068
   0.29688453
   0.29603679
   0.29547290
   0.29462707
   0.29434513
   0.29378124
   0.29349930
   0.29265156
   0.29265156
   0.29293351
   0.29236962
   0.29349930
   0.28421993
   0.29265156
   0.29208768
   0.29236962
   0.29265156
   0.29236962
   0.29180573
   0.29125328
   0.29098276
   0.29044174
   0.29017122
   0.28963020
   0.28908917
   0.28881866
   0.28881866
   0.28800712
   0.28800712
   0.28881866
   0.28854814
   0.28990071
   0.28963020
   0.28935968
   0.28881866
   0.28881866
   0.28881866
   0.28935968
   0.28935968
   0.28935968
   0.28908917
   0.28935968
   0.28908917
   0.28881866
   0.28854814
   0.29125328
   0.28827763
   0.28800712
   0.28773660
   0.28719558
   0.28719558
   0.28692506
   0.28692506
   0.28665455
   0.28611352
   0.28584301
   0.28557250
   0.28503147
   0.28476096
   0.28421993
   0.28394942
   0.28394942
   0.28340839
   0.28313788
   0.28259685
   0.28205582
   0.28151480
   0.28151480
   0.28124428
   0.28070326
   0.28016223
   0.27989172
   0.27962121
   0.27908018
   0.27853915
   0.27747996
   0.27722088
   0.27644363
   0.27592356
   0.27540539
   0.27462814
   0.27410997
   0.27333272
   0.27307364
   0.27255547
   0.27203731
   0.27151914
   0.27099907
   0.27048090
   0.27022182
   0.26944457
   0.26892641
   0.26840824
   0.26763099
   0.26711282
   0.26659275
   0.26581550
   0.26529734
   0.26503825
   0.26454104
   0.26404574
   0.26354852
   0.26330087
   0.26255601
   0.26205880
   0.26156349
   0.26255601
   0.26032142
   0.25957655
   0.25883169
   0.25808873
   0.25759152
   0.25709431
   0.25659900
   0.25585414
   0.25535693
   0.25510927
   0.25436441
   0.25361954
   0.25287468
   0.25215268
   0.25167642
   0.25120207
   0.25096394
   0.25025146
   0.25001524
   0.24906463
   0.24835215
   0.24787780
   0.24740155
   0.24669097
   0.24597850
   0.24526602
   0.24455354
   0.24407728
   0.24360293
   0.24289045
   0.24241610
   0.24146550
   0.24075302
   0.24007102
   0.23939093
   0.23870893
   0.23802693
   0.23711823
   0.23666484
   0.23575614
   0.23530275
   0.23462075
   0.23416735
   0.23371205
   0.23348535
   0.23303196
   0.23257666
   0.23212326
   0.23189466
   0.23121457
   0.23075927
   0.22985057
   0.22918000
   0.22852848
   0.22831131
   0.22787697
   0.22722735
   0.22635866
   0.22570714
   0.22505563
   0.22462128
   0.22418694
   0.22332015
   0.22245146
   0.22158277
   0.22093125
   0.22071408
   0.22028164
   0.21963012
   0.21876143
   0.21792322
   0.21730028
   0.21688689
   0.21647159
   0.21626394
   0.21564291
   0.21481422
   0.21398363
   0.21315495
   0.21253391
   0.21211861
   0.21170522
   0.21149758
   0.21066889
   0.20983830
   0.20900962
   0.20859623
   0.20778469
   0.20719222
   0.20659786
   0.20639973
   0.20600540
   0.20580727
   0.20481857
   0.20402608
   0.20303737
   0.20224678
   0.20125808
   0.20066371
   0.19987313
   0.19967500
   0.19908064
   0.19888442
   0.19753566
   0.19659268
   0.19527059
   0.19489339
   0.19432760
   0.19413901
   0.19357321
   0.19281882
   0.19168724
   0.19074235
   0.18998796
   0.18979936
   0.18942217
   0.18923357
   0.18867730
   0.18849633
   0.18759716
   0.18669799
   0.18543876
   0.18489964
   0.18453959
   0.18417954
   0.18400047
   0.18364042
   0.18310130
   0.18220023
   0.18094291
   0.17986276
   0.17917695
   0.17900550
   0.17849115
   0.17831969
   0.17797679
   0.17780534
   0.17729098
   0.17694808
   0.17591936
   0.17489256
   0.17369239
   0.17300658
   0.17266368
   0.17232078
   0.17197787
   0.17180642
   0.17146351
   0.17096630
   0.17063864
   0.16998522
   0.16884220
   0.16769919
   0.16655618
   0.16606658
   0.16574083
   0.16557699
   0.16508740
   0.16475974
   0.16443398
   0.16410632
   0.16378056
   0.16345289
   0.16312713
   0.16203937
   0.16095160
   0.16001814
   0.15877416
   0.15815312
   0.15784260
   0.15753018
   0.15721966
   0.15690914
   0.15659862
   0.15628810
   0.15597568
   0.15566516
   0.15535464
   0.15505936
   0.15431831
   0.15328388
   0.15239614
   0.15195227
   0.15135981
   0.15091594
   0.15076925
   0.15032538
   0.14988151
   0.14973292
   0.14928905
   0.14899377
   0.14840130
   0.14725258
   0.14598574
   0.14485987
   0.14415501
   0.14415501
   0.14373209
   0.14359112
   0.14317011
   0.14302914
   0.14274720
   0.14246525
   0.14218331
   0.14204234
   0.14176230
